4060599
4049233
4049394
4072620
4070378
4061256
4061257
4061258
4060600
4049396
4049397
4061255
4072619
4061254
4060403
4049395
4070377
4068923
4068922
4049592
4070379
4060867
4072621
4072622
4060868
4058454
4049398
4058455
3985679
4074918
4060601
4060404
4068924
4074917
4068925
4060602
4068926
3843842
3858607
3869724
3978392
3978215
3978579
3948429
3978395
3978580
3987010
4068927
3956388
3956381
4067568
3872068
3956005
3956382
3945125
3857247
3873774
3956385
3875159
4027532
4027529
4027531
3850677
3973502
3871097
3863594
4079783
3856930
4076668
3874323
4076851
3873473
4077581
4077821
3873781
4075562
3955112
3973501
4090845
4085711
3857243
4077397
4050465
3873467
4090877
3987012
4067921
4069988
3873471
4074919
4074920
3867304
3867615
3948427
3867618
4061956
4082242
3855507
3867617
4067922
3873780
4050215
3857246
3853892
4067923
4050211
3843841
3843843
3978210
4076487
3876392
4077395
3874085
3857242
4086438
3868948
4067569
3973505
4083633
4082479
3874084
4082478
3867768
3945132
3950129
4075398
3875157
3847503
3974332
4051737
4086439
4082096
3863595
3955107
4090923
3872074
3861972
3861974
3858402
3861977
4090924
3978575
3986051
4085713
4077396
4077822
4075565
3858408
3858407
4073606
4086440
3850685
4072084
4073596
3986050
3987006
4079782
3857454
4069989
4084516
4050460
4078873
3856929
4086257
4077823
4077582
4084439
4064534
4064502
4064533
4064532
3955111
3874316
4064503
4064504
4084517
4067023
3863914
4087879
4084469
4035953
4035952
4035954
4076669
3949609
3847502
4092588
4077583
4076206
3962674
4082447
4074415
4061957
4077394
3955999
4077032
4070177
3847500
3942259
3948431
3949606
4075133
4075132
4051037
3945130
4082296
3853889
3868957
3868958
4056931
4081410
4054631
3872073
4086441
3871764
3871760
4054629
4089947
4050217
4054633
4050216
3867308
3950130
4084475
3858603
4051741
4051738
3858609
3960909
4089948
3847586
4051742
4051743
4022755
3875160
3942537
4075563
3960912
4051739
3974331
4022759
4022752
4051740
3942538
3942541
3960916
3857682
3942542
3942545
3858606
3942539
4075325
4075399
3861978
3874320
4067570
4089431
4091164
4073608
3850680
3847504
4069727
3863907
4073888
3857455
4091163
4057309
4057303
3956383
4072085
3956007
3863593
3956001
4084364
4073784
3956003
3871089
4075134
4091059
4092616
4074599
4078835
4082448
4062148
3858604
4056938
3956386
3856935
3871088
3871090
4065926
3949607
3949605
3948428
3853893
3868949
4067691
4082243
4074416
3942256
3861971
4090925
4050972
3871762
4082297
3950126
4084365
4051744
4074417
3874317
3863909
3847720
3867310
4092589
4092557
4092559
4092590
4092556
4091060
3857453
4057307
4092196
4065928
3863591
4080391
4045597
4056940
4056932
3861970
4080389
3853894
4092617
4080386
4067689
4050973
4073780
3871768
4082601
4091061
4069272
4069269
4069268
4079985
4069270
4069267
4045591
4080388
4067692
4059141
4066406
4056939
4055100
4055101
4080392
4055098
4055099
4059964
4054182
4065515
4056933
4045600
4071131
4059142
4054185
4067694
4053780
4059965
4091752
4054181
4045592