3707099
3764770
3694206
3784456
3707100
3694201
3764771
3790045
3689977
3689545
3790046
3790184
3790051
3790179
3790048
3692224
3776636
3692225
3677194
3790181
3677191
3692223
3677192
3790050
3800850
3691116
3800169
3790186
3811398
3695840
3684607
3800851
3800853
3800852
3686543
3689972
3786859
3754379
3754378
3687891
3800219
3689544
3687892
3687890
3754385
3687884
3786858
3689543
3687883
3811443
3754387
3754386
3687889
3691824
3754380
3754382
3769127
3797438
3797439
3766326
3766323
3796860
3706686
3767170
3767169
3767166
3767167
3806053
3767171
3766325
3694722
3791426
3767163
3697670
3683348
3697435
3670713
3686956
3673784
3683345
3697439
3800235
3776637
3697671
3677885
3683343
3697672
3676886
3676891
3676887
3697440
3697436
3676888
3676889
3697437
3680729
3680907
3681778
3682345
3684613
3685164
3701698
3701701
3707961
3707966
3707967
3707968
3708440
3708442
3708905
3711156
3777462
3777465
3800163
3678190
3680728
3684615
3685158
3685166
3700586
3700593
3700597
3701700
3708437
3708900
3791430
3803482
3680908
3681081
3681083
3684055
3684610
3684612
3701147
3701148
3701151
3701699
3701704
3707970
3708433
3708436
3708895
3708902
3800171
3678188
3678191
3680906
3680910
3681082
3681084
3681780
3682561
3685161
3700592
3701146
3701152
3701153
3701155
3701705
3701706
3701707
3707960
3708443
3708903
3708904
3803481
3680727
3680909
3683768
3684608
3685167
3700587
3700589
3700591
3701145
3701150
3701703
3707969
3777597
3800166
3680730
3681085
3681783
3685162
3700588
3700595
3701149
3701156
3701697
3701708
3707962
3708898
3777599
3807317
3807318
3678192
3684057
3684606
3684611
3685157
3691114
3701154
3707964
3707965
3708434
3708896
3708899
3759357
3777464
3781773
3794511
3803483
3681779
3685159
3685163
3700590
3700594
3701702
3707963
3708435
3708438
3708439
3708441
3708897
3708901
3760260
3800170
3686548
3754384
3786861
3753182
3786860
3759058
3706687
3675391
3759363
3759365
3759053
3800220
3676540
3811403
3777594
3689971
3759361
3689542
3689541
3797440
3694724
3753964
3753577
3673782
3767168
3670714
3791429
3759057
3767165
3767172
3767164
3681242
3681426
3686955
3759665
3683344
3682342
3807319
3682341
3676883
3753178
3756787
3759359
3686550
3753177
3675390
3753959
3800165
3677889
3677888
3677884
3677892
3698198
3677891
3753584
3691117
3706688
3677886
3677890
3753578
3756790
3677887
3753955
3694726
3797208
3777466
3670715
3682563
3811404
3797058
3796748
3796751
3675393
3796912
3675392
3677196
3681241
3807320
3798075
3811529
3682346
3686953
3798179
3800167
3676536
3686549
3675394
3753185
3804352
3794510
3801395
3804552
3798180
3798181
3804353
3801394
3794215
3803473
3803474
3804553
3794513
3801396
3798182
3795569
3795634
3801583
3801584
3795635
3795636
3707101
3784457
3694207
3694200
3790052
3689973
3689548
3689975
3753582
3753583
3759663
3760257
3759669
3759970
3699822
3753576
3753960
3753962
3777596
3790183
3753957
3759670
3760259
3784458
3790180
3753956
3759059
3759666
3759671
3760258
3760262
3753579
3759664
3759668
3759976
3760261
3759969
3759975
3790049
3675395
3759052
3790182
3766783
3670708
3790053
3691115
3686959
3687888
3676535
3698555
3694725
3698554
3698550
3698548
3790047
3692221
3692219
3790185
3698549
3677189
3677190
3682338
3677193
3699817
3781774
3689974
3695835
3695757
3687887
3689547
3686551
3753181
3681427
3681244
3675396
3766788
3766790
3767545
3766784
3766792
3767550
3706689
3766786
3767543
3706690
3767549
3803484
3766785
3766787
3766789
3767544
3767548
3675397
3678189
3766791
3767551
3802542
3776638
3683346
3698553
3698552
3673783
3676533
3676538
3683342
3670710
3676539
3800173
3691118
3698556
3699821
3676532
3683347
3699823
3756788
3686957
3698551
3694721
3676890
3781775
3681782
3753581
3682343
3692218
3777528
3682564
3794508
3759360
3754383
3686547
3753183
3706691
3681429
3699508
3699502
3699816
3759667
3699815
3681245
3706692
3681428
3681243
3675398
3802543
3759362
3759364
3759973
3759977
3689546
3678187
3760263
3759974
3759358
3753961
3767711
3753575
3759054
3760264
3689976
3759056
3759971
3753958
3759972
3676531
3673781
3676884
3800164
3759055
3767552
3694723
3767547
3670709
3753580
3753963
3781777
3691119
3686961
3683341
3801585
3756785
3753186
3682344
3686546
3753180
3699509
3699818
3759051
3801397
3795637
3797209
3801399
3682566
3777598
3801398
3676537
3686960
3804554
3686544
3798183
3753184
3682340
3804354
3699504
3797211
3801586
3794506
3801400
3798186
3798184
3798185
3804355
3804555
3794216
3797210
3794507
3801587
3801588
3803643
3798187
3804356
3795638