3689542
3689541
3797440
3694724
3811403
3673782
3767172
3670714
3767164
3791429
3759057
3767165
3767168
3759665
3683344
3681242
3811507
3686955
3811566
3681426
3682342
3682341
3807319
3753177
3686550
3759359
3753178
3676883
3756787
3675390
3677889
3677887
3677888
3756790
3753578
3811567
3677890
3677886
3706688
3691117
3753584
3677891
3698198
3677892
3677884
3800165
3798059
3796912
3753959
3802391
3753955
3797392
3797208
3694726
3811404
3806054
3675393
3682563
3802393
3802141
3797057
3806056
3797393
3797058
3796846
3796751
3796748
3675392
3777466
3670715
3681241
3797306
3677196
3798075
3807320
3811529
3682346
3686953
3675394
3802203
3686549
3676536
3798179
3800167
3753185
3804352
3804552
3797257
3811591
3794510
3805300
3805301
3797394
3801395
3805302
3796749
3796335
3798181
3798180
3804353
3796336
3797060
3801394
3794215
3803474
3803473
3811695
3804553
3794513
3801396
3798182
3795569
3811593
3794418
3794420
3811592
3802144
3811696
3795634
3794421
3801583
3794419
3801584
3805303
3795636
3795635
3707101