3771188
3780880
3780906
3779234
3764271
3780853
3780850
3780858
3780852
3779239
3779237
3779236
3780854
3780849
3779183
3780848
3776538
3780856
3780851
3779241
3756941
3780888
3775376
3779104
3775377
3775385
3779106
3766049
3775382
3767017
3775379
3779102
3775019
3779172
3779122
3779166
3776682
3776216
3779171
3779119
3779168
3779117
3771189
3779165
3779170
3779169
3779121
3779118
3779116
3779123
3779107
3775020
3775378
3764276
3756226
3776522
3779120
3699734
3699737
3781007
3763979
3780568
3781423
3766036
3775021
3780569
3775842
3690258
3781424
3779240
3779124
3652224
3766083
3706640
3775843
3780907
3779184
3775844
3763980
3779125
3775022
3710700
3780786
3779132
3767016
3766636
3766640
3767014
3767019
3768148
3768149
3775383
3780785
3780862
3645472
3768155
3779185
3779186
3767022
3768152
3776683
3779126
3776540
3766638
3766633
3766637
3766642
3779134
3682252
3776708
3763981
3690259
3779135
3780570
3686459
3638917
3638916
3779108
3638910
3781488
3775023
3699740
3695748
3686460
3638913
3754946
3779187
3780575
3777774
3756228
3776691
3706641
3706642
3756225
3706644
3681391
3681393
3766078
3706643
3695767
3781008
3690642
3776716
3756231
3776713
3780889
3781489
3776709
3756224
3756230
3776711
3776544
3776690
3776696
3776714
3776688
3776712
3686461
3753388
3776710
3776715
3775845
3756223
3776693
3756227
3675695
3779188
3776697
3681213
3776694
3681214
3780787
3781490
3776692
3675702
3776689
3675697
3767021
3675703
3780263
3768151
3683908
3683907
3683903
3708695
3683905
3683904
3780576
3768154
3682248
3680646
3768157
3768156
3682254
3767013
3767018
3767020
3776717
3683906
3775673
3766634
3686455
3776684
3766641
3767015
3780577
3675704
3777776
3699736
3690643
3657136
3781491
3690638
3657138
3780312
3780346
3780313
3775674
3645168
3690639
3781492
3775675
3636060
3780875
3657139
3670134
3775676
3776726
3698792
3698793
3636074
3698794
3780348
3698795
3780347
3780863
3781493